mean= [76.32264034, 88.85438911, 25.37159214, 53.31848954, 23.60454635
, 32.66080321, 4.64103002, 90.48749164, 87.29867988, 54.24287737
, 60.00989981, 41.9451613, 75.28802564, 72.53053103, 34.52707346
, 67.65490957, 0.6543433, 72.47199775, 50.36838004, 61.52147653
, 15.64405038, 92.08297684, 22.33220262, 75.36172566, 99.52824153
, 73.5318653, 75.95226757, 65.654366, 62.14376554, 10.5520761
, 65.7399387, 54.52815304, 12.63656016, 70.58144049, 16.31201271
, 4.66064164, 32.90372229, 54.40406378, 46.33262108, 95.02222205
, 52.48591017, 77.18626484, 77.77305816, 32.0154614, 0.26450878
, 46.14006471, 38.12369834, 74.80265174, 62.26272586, 13.59052483
, 68.43994343, 9.12184167, 28.00439575, 48.43989843, 49.07652863
, 86.78145248, 97.15832082, 1.84053975, 66.37286468, 84.26058185
, 48.81276777, 92.51192811, 86.22542622, 67.09445506, 7.47730002
, 82.68822903, 63.10100388, 49.54332037, 5.95579119, 11.96663117
, 17.11598911, 16.2424487, 79.65136626, 45.83666597, 2.35267371
, 39.12228307, 22.28325391, 48.62815733, 37.38375717, 77.72435213
, 52.76075095, 62.38869404, 29.01956024, 51.40564962, 94.01243391
, 57.08799026, 67.27276965, 41.13144044, 23.77289398, 30.08955979
, 57.82416866, 69.66716741]
N = 17
exp = 82.4936332007
